a=[0 0.5 1 1.5 2 2.5 3 3.5 4 4.5 5 5.5 6 6.5];
b=[4.31 5.62 6.90 7.85 8.51 8.98 9.32 9.56 9.74 9.87 9.96 10.03 10.09 10.13];

c=a*b';
d=[5.65 6.77 7.85 8.58 9.67 9.40 9.62 9.78 9.90 9.99 10.05 10.10 10.14 10.11];
e=[5.04 6.15 7.53 8.43 9.01 9.39 9.65 9.84 9.97 10.06 10.12 10.17 10.21 10.24];
f=[4.78 6.41 7.74 8.61 9.17 9.55 9.80 9.96 10.08 10.16 10.22 10.26 10.29 10.31];
